effect0 (모두 60딜레이)
0(100,124)
1(161,157)
2(193,208)
3(187,202)
4(154,156)
5(144,146)
6(634,598)
7(775,621)
8(769,602)
9(767,593)
10(761,598)
11(756,603)
12((753,608)
13(749,606)
14(746,606)
15(735,607)
16(655,610)
effect1(5프레임부터 실행)
0
1(599,736)
2(589,725)
3(589,725)
4(589,725)
5(586,721)
6(585,720)
7(585,720)
8(609,716)
9(603,717)
10(609,717)
11(616,722)
12(623,722)
13(623,725)
14(629,727)
15(615,728)
16(617,725)
17(628,732)
18(627,737)
19(839,824)
20(839,827)
21(852,829)
22(832,830)
23(836,831)
24(835,824)
25(832,822)
26(832,817)
27(837,833)
28(841,787)
29(837,755)
30(842,752)
31(851,750)
32(853,744)
33(813,729)
34(814,720)
35(794,720)
36(626,720)
37(596,628
hit
0(18,17)
1(81,99)
2(97,96)
3(93,93)
4(85,79)
5(84,77)