summon(프레임당120delay)
0(37,99)
1(38,126)
2(65,139)
3(61,156)
4(60,155)
5(66,182)
6(65,182)
7(64,182)
8(63,182)
9(62,182)
10(62,182)
11(98,189)
12(98,187)
13(98,185)
14(98,182)
move(프레임당180delay)
0(64,182)
1(65,186)
2(66,190)
3(65,192)
4(64,188)
5(63,186)
stand(프레임당180delay)
0(62,182)
1(63,185)
2(64,188)
3(63,191)
4(62,188)
5(61,185)
attack(프레임당120delay)
0(62,182)
1(63,183)
2(64,184)
3(66,186)
4(68,188)
5(69,188)
6(69,188)
7(69,188)
8(69,188)
9(66,177)
10(66,177)
11(66,177)
12(66,176)
13(64,177)
14(62,176)
15(63,179)
16(62,182)
17(62,182)
18(62,182) delay(90)
die(프레임당120delay)
0(62,182)
1(62,182)
2(62,182)
3(63,182)
4(64,182)
5(65,182)
6(67,182)
7(74,155)
8(80,156)
9(84,147)
10(66,134)
11(70,135)
hit(프레임당150delay)
0(47,58)
1(55,101)
2(57,103)
3(63,104)
4(61,103)
5(51,101)
6(22,92)
7(22,72)