effect(프레임당 delay 60)
0(36,21)
1(99,78)
2(102,113)
3(120,121)
4(125,126)
5(126,125)
6(125,124)
7(124,124)
8(121,121)
9(120,12)
10(119,121)
11(118,119)
12(120,115)
13(122,116)
14(123,107)
15(125,104)
sineffect
0(78,203)
1(84,205)
2(358,290)
3(376,375)
4(380,375)
5(380,375)
6(380,375)
7(379,375)
8(376,375)
9(376,375)
10(358,375)
11(353,375)
12(339,375)
13(312,375)
14(274,364)
15(268,349)
16(255,342)
17(255,344)
18(252,330)
19(250,217)
hit
0(84,84)
1(106,106)
2(108,104)
3(100,100)
4(91,89)
5(92,92)
6(91,91)
7(79,75)